L	F	E	coordinate
5	6.25	2	00010
7	8.1667	3	0001101
9	3.375	12	000011010
11	12.1	5	00011101101
13	14.083	6	0000011001010
15	7.5	15	000001100110101
17	4.5156	32	00111110011010110
21	8.4808	26	001111111001101010110
27	9.8514	37	000111100010001000100101101
29	6.7823	62	00011000111111101010110110010
39	7.6818	99	000000001101101001001110000111001010101
41	7.7824	108	00011110001010101100110011111111011010010
43	8.4816	109	0001001101001001111111010101100011110011101
45	8.5805	118	000000001101101001001110110001111000110101010
47	8.1815	135	00000000011000111100010011101101001001101010101
49	8.8272	136	0001110001111111000100011001000100101010010010010
51	8.5	153	001110000111001010111101110111010000001101101001001
53	8.2618	170	00110000000000011110000110011001011010010101010100110
55	8.8450	171	0000000001101101100011011010000111001001110001101010101
57	8.6410	188	000111001110011111100010101001111111011010100110110010010
59	8.4902	205	00000001111111001111011001111001011001110100110101011010101
67	9.3133	241	0000000000011110110001100011110000101101001001101100010110101010101
71	9.1654	275	00111101100001111011000010000000110011001010100010110001011010011101001
77	8.2807	358	00000100100000001111010010011010011001000110011110011100001011010101110001010
83	9.1366	377	00011000111111000111001110100000001100000010101100101010000100110110110101001001101
91	8.6803	477	0010010000100000010110010110101011010001101100110001101111000000011110011110101000101110001
95	9.4207	479	00011001110011000111110000000010111110101110000010100100000101000010101011010110110011011001101
97	8.7770	536	0000010100001000001110010111001100101110010000111011010001101111001100100001101101011101000001010
99	8.4931	577	000001100000111110010011011000000000011101001100001011001111011010101010011100111001010010100110101
101	8.8244	578	00000011000001111100100110110000000000111010011000010110011110110101010100111001110010100101001101010
103	9.5577	555	0011110000011000000111111110110011001000101001100000101001100000100011001100010101011010100110101101001
105	8.8911	620	000000000010010100101101111010010001011011100110010011000110011011100001000111101000111100000111010101010
107	8.4557	677	00110000000111010000000011101010011000010111000111100110010110110111101001100000010010101011110110101011001
109	8.9736	662	0001110000101010110000111010000101010001110011001100000101001100110010010000000101111011010011111111010010010
111	8.9672	687	001010111001110001110111001010100011111010000110100011100100100001101000010100100000001101110110110110010000001
113	8.4900	752	00001111100000111110110010000110110110110000000000001001100111010101010100111000111001011100111010110101101011010
115	8.8758	745	0000011111010111000001000011111000101001101000100100110011001100111000100001100000100101001011101011011111010110101
117	8.7080	786	000111111101000000011101101011001010100011100110011110011110100110100110011011011111110011111000100101010000101010010
119	8.4796	835	00010010000001000010010011011000111101011010100010000101000110111110100010000001111101001001110011100010111010100011101
121	8.6736	844	0000000001011111111101000111100101110010011101001001001100011001001100011100001001110010000110100100001010101000010101010
123	8.4709	893	001101100101110100010110000011100010110001000000110101011010100000011111110010101110110000100100101001111011110111100111001
125	9.2346	846	00011100001111010101111001110101000000001100011101111010001100110011011110100010010011010101000000100110100000001011010010010
127	9.0919	887	0000011100111011100111111000110000000011110111000111100101111101110101111001011011011101001010101100100101011001000100110110101
129	9.0440	920	000111001110000011100111001100011010111100000001000000000010100100011111010101010001010100101111100100110010011011010110110010010
131	9.3981	913	00000011100000011100000000000111001110111001110001111001110001001000111011011001011011011001000100110110101010101101101010010010101
133	8.7569	1010	0000110010000000000101100000101110011001011111010000111000111011010000111011011011010000101000011001101111010110000101010101110011010
135	8.8729	1027	001010100100110010011001010100101001010000010100011010001110001011001100001001001000011011111010111110000011111110011000110011100000001
137	8.9206	1052	00111100000111111000000011001100111000101110000110000110111111111111001010101010111001011001011011110110110011001101010110101001010010110
139	8.5265	1133	0000000000000010010101101110110001001001110010110010010111001010011110010110000011011110001100001101100011101100010001111110001010101010101
141	8.8282	1126	000000001111111000000010010010110111101101111011110011101001100011100110011011011001111011001011101000111010001111000111010101101010110101010
143	8.5848	1191	00010000011000001010001100000101001001000110110101101110100010011111001000110101100010000100011111000110111000111110101100100000101001101011101
145	8.7024	1208	0011011001011011000010111110000011011010000000101100111001000101010101110010000000000100011011001111010101111000110101101011110100111000011000110
147	8.5411	1265	000001111000000011111101111101111011111011100110010100111100101100110011011100110011000011010011111001100100010100010111010111010100101010010110101
149	9.1137	1218	00000000111111111111111000110110111100011011000110011110000011011001101000010111100110001101011010011001001110010010111000110110101010101010110101010
151	8.9416	1275	0001100011110001100011111111111000011100101011000010100001001100111110100011001000010100110011101000001011000000110110100101010101001001101101001001101
153	8.7347	1340	000010000101111011110100001000011000101110001110001010111100011000100111010001000010011101100100101111110110110110111101100101110100001011101000010111010
155	8.3594	1437	00010110010111010001001101001111100010001000101111000100001011000110101010010111100000000110110000101110110100001000100010010100111100111011110111100111101
157	9.0223	1366	0000011111001111111110000011111001111100011100000000001100110110000110011101010000001001100101100011001101010101001001001010011010110101101010101100101001010
159	8.7842	1439	000001011011000000100100110010010000000001111111011011110110000101100011100100100011100100100111101001110100011101010110101010111000110011100010101100011110101
161	8.5266	1520	00110010100010101010010101100101000110010110110100100101011100101001010100011001100110010000000111110010000001110000111000011001000001100000011111111101111100110	
163	8.6884	1529	0000000001111100011001111111100011000001110000110011100001010110000000101000001100110010100000101010011111101001001100101101101011001001010101100110110101101010101
165	9.2351	1474	000101010010011010100101111101001011101100100111001001101101101000101010110010001011110111001111111101111000111001110010011100111011110000101000011111100111000000010
167	8.9216	1563	00000010000111111100111011110000000110011000110000010000111000000111000011000110110111000110110010110110101001001011101011001001100110101011010001001101010110100010101
169	9.3215	1532	0001111100011100000111001110111000100011100010100111000000010111110100010010100000010001010111110001000010100001010100100111110110110111011011101100100101001001001010010
171	8.7182	1677	001111111001100011101000101001001111111000001111001101001110111001110001010000000110100001101010111110110110010001001111001101001010010101001110000010000100100110010101001
173	9.3645	1598	00001111111000000011000110000100111111100111100000000011000010010010000001101011011001100110001111100101011100011101001101010101101001101010110001011001001101010110101011010
175	9.0768	1687	0010101010111001101010100001110010111001010011001100111010110100001101011001111001001010000011100101100111110010111100000100110011001111100100001101101000000001100100000000001
177	9.5052	1648	000101100011110111101001110100111000000110100110011001011111111101000100001101110100010100000100001000110100010000101010100001100110011110010101101100001001111010001011011000010
179	9.0974	1761	00001011000111101111010011101001110000001101001100110010111111111010001000011011101000101000001000010001101000100001010101000011001100111100101011011000010011110100010110110000101
181	8.9316	1834	0000000000010010000111100111001011100110010011011000111101101000010010110001011111101000010001011110101000010011110001011110001011011000110001100110111100100110100101110001010101010
183	9.0073	1859	000011110011111110011100010010000110010001110111000111110100011100010101111100100000011110110001011010100011010111111011011011110101101101110110111001101000111011011001010100110100101
185	8.4381	2028	00010001111110000111010000000011110001011110011110010000110010010111011111110011011101110101100000100010001100101010001000011100110100011010011010000100101101010100001001011010100100010
187	8.8619	1973	0011110001100011000111100000000111100011010000111001100000001100010010000100000001101111111111010101010001101010111010001110110010101001100100101111001001011010101001011011001001101101001
189	9.0847	1966	000111100011000110001111000000001111000110100001110011000000011000100100001000000011011111111110101010100011010101110100011101100101010011001001011110010010110101010010110110010011011010010
191	8.3252	2191	00000011111111111111111000000111111001100000110010011000100001111000110000111001001011000110100110000110110000111001001011001001011010001001100011001010011001010110101001010101010101010010101
193	8.1974	2272	0011010101000110101010001100010110010001110101010010110110110110011111100101110010110101011001000100011000000011110010000110101001100011100011110000000010010001100001001101111111100100000000110
195	8.3352	2281	000001001001110110000000000110110110100100110100001111010011001101101100010111111111001111101010001000000101001101010101111011000111001100111101001011110011100001110001101010101001110110001110101
197	8.7486	2218	00000000000000000110011110001111001111000100101100011011010110001001110000100111111100000001001110111011000101010010101001110100100111011000001110010011110001001011001011011010011001010101010101010
199	8.7035	2275	0001011101010111010001010000110110111111100000100001111001001101110001100111100000000110111001010011001111100100011010101001011001101101110011100101101000101001010100011100101111101111011111110111101
201	8.4876	2380	000000000100110110110111111000000001101111110100100111110101101101000111000001011000000110001100110011001100110110010101100001010010010000111000001010011100001010111001010101101010001110001100010101010
203	8.5107	2421	00010001011111010000110110110111110000110111000000101101100111100100010010001110100110101001001111011101110100111000000110000100100011101110010110011100001010110111001011010111000111001011110101111011101
205	7.8935	2662	0000111111011000010001011111001100101001101110101100001010100010001111100101011000110110100010101100001101001111110111100011011000000110101101110111111101001111101110011111001100101000010001011000101011010
207	7.9497	2695	000110000001110000001100011000100011000011101011000111000010000000011111110111101110010111000100101011100100000011101101111001000101110101011010101000101101101100000100101100100010011011001010110110101001101
209	7.2416	3016	00011110000000110000001110000000010001110000110101100110101100100011100111011111100101000000101101111000100010010111000010101111100101011101100100100011000001100111110010110110111010101001001010110010101001011
211	7.9473	2801	0001111000000011000000111000000001000111000011010110011010110010001110011101111110010100000010110111100010001001011100001010111110010101110110010010001100000110011111001011011011101010100100101011001010100101101
213	8.4079	2698	001100001101011111010000011111110100010001011100101001111000010111010001100100001000010010011110011110111001101110100110100111000101110100011001000010000101101001111100100001000100001010100101000010100000110100110
215	8.5888	2691	01011011110110100000001011111110001100011110010100011101101100111011111010011000101111001110111111010010110111000011110101000100110100001001100001010001001100011101101111100101101100100101010000101010000111010001111
217	7.7551	3036	0010011010011111010111101011010101111011101111011000001101001011110111101100111010001011100011010011010001001100010000110000110110111101111011001110100010111100001101011000101110111010000000111110100000101001111001110
219	7.5198	3189	000000100111001100001100111001101001000011011100000001001010011010000001110100001001101000000001010111100101110111100101111110101010000110001011110110101000011000001110101011011100101110000110010011001011001101100010101
221	8.8544	2758	00000001111111111101100100100110110000001111110100100100100001010010000000110010001101101101101000011101001100010011000010010111100011100011011100110101011100000101110001110000101011010100111001110001100010101010100101010
223	7.7339	3215	0000011001111110111111111000110000111101111111110101101001011011101100000010111110000100110011011001001100001101110010110011100111001100111010010100001010110001000111100001111101010101110100101100100101010100010101100110101
225	7.4100	3416	000000111111100001000010000000011111110011100011000010000110000010100100101101011001000101110011011000100111111011101010011101100011001000010001100000111100011111010110010111010011011011001010100101010111010001011010101101010
227	7.5578	3409	00001110000100000011000000100001110000011101100110111110111000011100110001000010111010001101011111111000001001001100111000101001010101111100100001000010111011001101101001000101000110011101101011011010001010110010101110100100101
229	7.5476	3474	0110000011100011100000110011111111001111100111101100010111110111011000001001111110111111101000010100101110000001101110010101101111000001011110101011101010011101011000100010100001001110100110101100101010110011010110110110110101100
231	7.4381	3587	101001011110110101001000101100011010011100101110001111000100000101110110110000010101010110010011011111011001101000100010000110011101011100111001111111111010110001110111101011101101001001000011011000011011000010001111110001011110000
233	7.3522	3692	00110011000111100011100001100011000011000000100111111101111110010001001010000101010000101111100110111000011011111111101010101110010110111001101011110100000001011111000100011010100010101001110101001101001101100101101101101001001100110
235	7.3496	3757	0001111111100011100011101110001111000000001110011011100011000010010110101000100011101111011110110111101100100001101111010001101000110001011100010111010001001000100000011110001011001001000110010010101011010010010001001001001001010101101
237	7.8230	3590	101001010101101101101101110110110100101010110110011101101100101110000111111011101101110100010111000101110011101001110100001001111011001000010010000100001000111011101010010110111100111000100110001111111100001110001000111000111000000001111
239	7.6962	3711	00000111111110001110001110111000111100000000111001101110001100001001011010100010001110111101111011011110110010000110111101000110100011000101110001011101000100100010000001111000101100100100011001001010101101001001000100100100100101010110101
241	8.0668	3600	1000011100111111011100010100011101011110011011000100101001110101110100001101110010111010010011101111000100001001110000000101010010011101000100101110110001111011110010001101000010000010011111000100111001101000001001000001001000101011001001011
243	7.2488	4073	000101100110110110111101001100000010000001011001011110101100110110010100110010100101010000100100010101000010110101000111100101101111110000101111111011100010111111100000110011111001110011000001011110011110101000101011001111010001110001100111101
245	7.3237	4098	00011101010100010101101000101010100010011100111000001010111110010000001111100010011100110100111000111001001111000011101101000011101101001011000110110110110000110010011101101011010100011010111111010110110010011101111111110111100000010000000010010
247	7.1090	4291	0010101011010100011010010101010011110011100111010110001100101110101011100110101001011100110110001010000010100100111110001001100010010100111000001010000010011100110111100000011001000000010000110010011111011001001101001111111110000110111111000000001
249	8.1323	3812	101000111000011000101110001011101101010011101000110101011011100011100101001110001110101010101000100101000001011100100001110011001001011100100001010000011101111111111110110110110000011011011011100000001101111011000000111011110110111101100101101101111
251	7.5632	4165	00111000001110100000111100001010101010011001110110111010111001011000001100000100110011101101110101100111100000011010111000010111101001000001101010010110011111011100010011001110101100101001111001000001000111011001100000000000101101001010000100101001001
253	7.3036	4382	0000000000000000000111100011011100111100001111111100000000011111110011100001100001110100110001111010010011100100011001110001101110010010011001000110110001111010010011000010010110010110110010101001010101001010101101001011001000110110100101010101010101010
255	7.2849	4463	001010010110101000001011100110000111001110101110101011010011010111000100101011011001001100111110101101010110111111100010011000110010011000100101010001111111000001010011001110011100000011101101111100111100000001000001001101101001100100001010000001111000001
257	7.3847	4472	00101110011011001110100111001001010010010100101110011010001101010100110101011100011100011001010101101010100101010110100010000011001101011101111000000001111111100000000110010010010010000000110000000011011110011011110000011100000111001001111011001110011011110
259	8.0918	4145	0100100010011011000101110110101101000101111110001011001001001001001111110010011010100100001011100111011010001110101110101110111110010100010000010000010010000111011001000010111000000110001101010011100011100011000010010101111011110000011101111011000110001000111
261	7.8517	4338	001100101011010111101101101000010100011001010100110111011011110101011000101001011000101001101111101011010010011010111111110011000110010011001010101111100111000011111010111001111101100001111101100000001011100010001100000001100100000101111000111010000011111100110
263	7.2006	4803	00101010100101010100110100011110111010101110011111010111101011011101000111101001110000101100011010001001001001100100111000110101001000111111001001001110011000111000100001101100001011011000010110111101110000010111110101100100000001000101101111001111111110000000001
265	7.0963	4948	0011011111111111111110110110110110010001001001001001101101101011011001000100111110101001001101010010111100001011110100001001111111010000101010011101000010111101001011110000001100011111101011000100011000111110001110011100011100010001100011100011101010101010101000110
267	7.0765	5037	001100011000110001100110001100010101111010011111110011111111010100101111000001110000010001010010110011110101110000101000100101010101100111111111100010000010110111110100110000111110111010110110101101000011111101010100110101011000010111111011001001100110110010011011001
269	7.3092	4950	00101010110110010010101011011110111011010010001001000001100010011110111011010010110100101010000101011111011110110001110110010111100111101001101000011000100100111010001010000001011111110000111100001110111010011101100101000111011100001110111010001111111100011000111111110
271	7.5386	4871	1011011111101111010011101101100000000001101100100010010011111001011010001101001011111100111110001111011101001001101111111011010100011001100110111111000101010001100011110111010010010100110101000011110010000111100101001110001000110001101010101001110001001111010001010111000
281	7.5058	5260	01010101010101001001001010101011001001100010110010011001001110100101100010100100110100000110110010110001001000010101001110110000000111110001100100101001010100111011000000010111000100111100111001010000110001111101100001111011000110011100111101100111001111111111000111000000000000000
283	7.5088	5333	1010000101010101000000101010100010010001110000011001001101000000111011001100001111101001101101100110101101110001001111000010011100000011100001101001001010110110001011010011101101110000011001110001100001010010110011000100101011110011100110101101101110001000000000101011111111111010000
285	7.0142	5790	001110010101010111011100001001010111000101010101111010100110001101010010101001111000010110111100010001011100011100101110110010110110100001001001110001011110001111001110111100100100100001000100101110000101101001111111000000110110011111101000000000010010000001110100100010000000000110110
301	7.4827	6054	0001110001110001110000110001111101001111100010010101011011101110011100000010101001110011111110000001101010001110111010101110110111011001010101101100110011001110000000011000100011101111111011101101111110010101101010110010011111110101001001101110111000000001110110101100001010010011010010010010010010010
303	7.2462	6335	001011001001100101010101101001101010101101101100110001010100111010010100001001001100101010110110001100101011110101101010011011111100101110001010000110100001101000001001000011010100011000000111110100000011001001110000000011001110001011111000010011111110110011000111000000000110000111111111100110001100001
341	6.9397	8378	00111100010110011011011011101100100000011111001101000100011101011110001101001011101101010100000111110110110000101110000010101110101111010011101000111011011100111101010110111000000010110010001110110111101100001011111011111101011011110100111000101001010000000011101111000011011010000010010001000011001010010101110011101110001110011000010010110
381	7.0893	10238	000001101101111110010000000110011011001001001001001100110111111100000011011000000110110000011111001000000011110000000001011001110000001011011010010011000001010000010010001000101111111010111100101111101010111101110111000101000001010011000111100011110101001001100001010101001011010101110010100101001110010101100011010100101010001100110001110001110011100110010101000110101000111001010
401	6.7632	11888	11000010011110111110100100101100000111111001111000001011000110011110110001000010011100001000110110101110010100111000011101111100100001100000101010101011000100100011001100010000001010101111101011011011101110001111101011111111010100010011001101110001001111111111110101100101110010100010010110110000011011111000110111010010011101000100111010011001001111010110100110101001010011110001111010111010011101001
449	6.5218	15456	00000000000001110111101110010001101110011100110011111100111010010111110011000000000110001110000001000000111101111110101101100000101101001110110101111111100111100101111010111101111000110100101101101110001101011101110011110111101000101100100010000011011011100011110000110110100010111110100001101001101010100000111011000011110101100011111010100010110101000101011011011001010101001100101000011110110010101100110010011011100100011011101000100101010101010