  3      1     
  4      2     
  5      2     
  6      7     
  7      3     
  8      8     
  9     12     
 10     13     
 11      5     
 12     10     
 13      6     
 14     19     
 15     15     
 16     24     
 17     32     
 18     25     
 19     29     
 20     26     
 21     26     
 22     39     
 23     47     
 24     36     
 25     36     
 26     45     
 27     37     
 28     50     
 29     62     
 30     59     
 31     67     
 32     64     
 33     64     
 34     65     
 35     73     
 36     82     
 37     86     
 38     87     
 39     99     
 40    108     
 41    108     
 42    101     
 43    109     
 44    122     
 45    118     
 46    131     
 47    135     
 48    140     
 49    136     
 50    153     
 51    153     
 52    166     
 53    170     
 54    175     
 55    171     
 56    192     
 57    188     
 58    197     
 59    205     
 60    218     